$Nodes
14
$location_x_y_dof_x_y
0 0 1 1
0.125 0 0 0
0.1875 0 0 0
0.25 0 0 0
0.3125 0 0 0
0.375 0 0 0
0.5 0 0 1
0.5 0.25 0 0
0.4375 0.25 0 0
0.375 0.25 0 0
0.25 0.25 0 0
0.125 0.25 0 0
0.0625 0.25 0 0
0 0.25 0 0
$Connexion
25
$Ni_Nj_A_E
1 2 1.256e-5 2.49e9
2 3 1.256e-5 2.49e9
3 4 1.256e-5 2.49e9
4 5 1.256e-5 2.49e9
5 6 1.256e-5 2.49e9
6 7 1.256e-5 2.49e9
7 8 1.256e-5 2.49e9
8 9 1.256e-5 2.49e9
9 10 1.256e-5 2.49e9
10 11 1.256e-5 2.49e9
11 12 1.256e-5 2.49e9
12 13 1.256e-5 2.49e9
13 14 1.256e-5 2.49e9
14 1 1.256e-5 2.49e9
1 13 1.256e-5 2.49e9
13 2 1.256e-5 2.49e9
2 12 1.256e-5 2.49e9
12 3 1.256e-5 2.49e9
3 11 1.256e-5 2.49e9
11 4  1.256e-5 2.49e9
11 5  1.256e-5 2.49e9
5 10 1.256e-5 2.49e9
10 6 1.256e-5 2.49e9
6 9 1.256e-5 2.49e9
9 7 1.256e-5 2.49e9
$Forces
1
$Nodes_Fh_Fv
4 0.0 -98.1